# relative_time, cycles_done, cur_item, corpus_count, pending_total, pending_favs, map_size, saved_crashes, saved_hangs, max_depth, execs_per_sec, total_execs, edges_found
61, 1, 2, 4, 1, 0, 0.00%, 2, 0, 4, 220.03, 11141, 44
66, 2, 2, 4, 1, 0, 0.00%, 2, 0, 4, 221.26, 12289, 44
71, 2, 2, 4, 1, 0, 0.00%, 2, 0, 4, 220.28, 13430, 44
76, 2, 2, 4, 1, 0, 0.00%, 2, 0, 4, 220.30, 14538, 44
81, 2, 1, 4, 1, 0, 0.00%, 2, 0, 4, 220.09, 15642, 44
86, 2, 2, 5, 2, 0, 0.00%, 2, 0, 4, 214.62, 16735, 45
91, 2, 2, 5, 2, 0, 0.00%, 2, 0, 4, 218.19, 17824, 45
96, 2, 0, 5, 2, 1, 0.00%, 2, 0, 4, 217.43, 18955, 45
102, 2, 0, 5, 2, 1, 0.00%, 2, 0, 4, 217.29, 20049, 45
107, 2, 0, 5, 2, 1, 0.00%, 2, 0, 4, 217.71, 21185, 45
112, 2, 0, 5, 2, 1, 0.00%, 2, 0, 4, 183.78, 22116, 45
117, 2, 0, 5, 2, 1, 0.00%, 2, 0, 4, 163.48, 22944, 45
122, 3, 4, 6, 3, 1, 0.00%, 2, 0, 5, 187.85, 23878, 46
127, 3, 4, 6, 3, 1, 0.00%, 2, 0, 5, 214.05, 24977, 46
132, 3, 4, 6, 3, 1, 0.00%, 2, 0, 5, 221.22, 26121, 46
137, 3, 4, 6, 3, 1, 0.00%, 3, 0, 5, 219.06, 27249, 46
143, 3, 4, 7, 4, 1, 0.00%, 3, 0, 5, 215.99, 28369, 46
148, 3, 4, 7, 4, 1, 0.00%, 3, 0, 5, 211.38, 29449, 46
153, 3, 4, 7, 4, 1, 0.00%, 3, 0, 5, 216.68, 30581, 46
158, 3, 4, 7, 4, 1, 0.00%, 3, 0, 5, 219.05, 31685, 46
163, 3, 4, 7, 4, 1, 0.00%, 3, 0, 5, 220.80, 32789, 46
168, 3, 6, 7, 3, 2, 0.00%, 3, 0, 5, 219.11, 33917, 46
173, 3, 6, 10, 6, 2, 0.00%, 3, 0, 6, 213.44, 34989, 46
178, 3, 6, 12, 8, 2, 0.00%, 3, 0, 6, 214.51, 36053, 46
183, 3, 6, 13, 9, 2, 0.00%, 3, 0, 6, 216.64, 37133, 46
188, 3, 6, 13, 9, 2, 0.00%, 3, 0, 6, 216.77, 38221, 46
193, 3, 6, 13, 9, 2, 0.00%, 3, 0, 6, 217.00, 39305, 46
198, 3, 6, 13, 9, 2, 0.00%, 3, 0, 6, 216.52, 40385, 46
203, 3, 6, 13, 9, 2, 0.00%, 3, 0, 6, 216.99, 41473, 46
208, 3, 6, 13, 9, 2, 0.00%, 3, 0, 6, 212.77, 42549, 46
213, 3, 6, 13, 9, 2, 0.00%, 3, 0, 6, 216.80, 43637, 46
219, 3, 6, 13, 9, 2, 0.00%, 3, 0, 6, 217.88, 44769, 46
224, 3, 6, 14, 10, 2, 0.00%, 3, 0, 6, 215.63, 45849, 46
229, 3, 6, 14, 10, 2, 0.00%, 3, 0, 6, 215.77, 46929, 46
234, 3, 6, 14, 10, 2, 0.00%, 3, 0, 6, 218.00, 48017, 46
239, 3, 6, 14, 10, 2, 0.00%, 3, 0, 6, 219.32, 49125, 46
244, 3, 6, 14, 10, 2, 0.00%, 3, 0, 6, 220.35, 50261, 46
249, 3, 6, 14, 10, 2, 0.00%, 3, 0, 6, 220.40, 51369, 46
254, 3, 6, 14, 10, 2, 0.00%, 3, 0, 6, 216.58, 52485, 46
259, 3, 6, 15, 11, 2, 0.00%, 3, 0, 6, 214.61, 53573, 46
264, 3, 6, 15, 11, 2, 0.00%, 3, 0, 6, 217.23, 54665, 46
269, 3, 6, 15, 11, 2, 0.00%, 3, 0, 6, 211.23, 55717, 46
274, 3, 6, 15, 11, 2, 0.00%, 3, 0, 6, 214.54, 56805, 46
279, 3, 6, 15, 11, 2, 0.00%, 3, 0, 6, 216.70, 57897, 46
285, 3, 6, 15, 11, 2, 0.00%, 3, 0, 6, 215.62, 59025, 46
290, 3, 6, 15, 11, 2, 0.00%, 3, 0, 6, 215.82, 60117, 46
295, 3, 6, 15, 11, 2, 0.00%, 3, 0, 6, 216.06, 61205, 46
300, 3, 6, 15, 11, 2, 0.00%, 3, 0, 6, 215.51, 62333, 46
305, 3, 6, 15, 11, 2, 0.00%, 3, 0, 6, 217.38, 63441, 46
310, 3, 6, 15, 11, 2, 0.00%, 3, 0, 6, 216.67, 64529, 46
315, 3, 6, 15, 11, 2, 0.00%, 3, 0, 6, 217.37, 65625, 46
320, 3, 6, 15, 11, 2, 0.00%, 3, 0, 6, 217.40, 66717, 46
325, 3, 6, 15, 11, 2, 0.00%, 3, 0, 6, 217.76, 67853, 46
330, 3, 6, 15, 11, 2, 0.00%, 3, 0, 6, 213.65, 68925, 46
335, 3, 6, 15, 11, 2, 0.00%, 3, 0, 6, 217.77, 70025, 46
340, 3, 6, 15, 11, 2, 0.00%, 3, 0, 6, 217.60, 71125, 46
345, 3, 6, 15, 11, 2, 0.00%, 3, 0, 6, 219.82, 72273, 46
350, 3, 6, 15, 11, 2, 0.00%, 3, 0, 6, 219.52, 73373, 46
355, 3, 6, 15, 11, 2, 0.00%, 3, 0, 6, 219.77, 74517, 46
360, 3, 6, 15, 11, 2, 0.00%, 3, 0, 6, 218.95, 75613, 46
366, 3, 6, 15, 11, 2, 0.00%, 3, 0, 6, 218.33, 76753, 46
371, 3, 6, 15, 11, 2, 0.00%, 3, 0, 6, 217.01, 77885, 46
376, 3, 6, 15, 11, 2, 0.00%, 3, 0, 6, 216.60, 79013, 46
381, 3, 6, 15, 11, 2, 0.00%, 3, 0, 6, 216.66, 80105, 46
386, 3, 6, 15, 11, 2, 0.00%, 3, 0, 6, 216.71, 81197, 46
391, 3, 6, 15, 11, 2, 0.00%, 3, 0, 6, 213.45, 82261, 46
396, 3, 6, 15, 11, 2, 0.00%, 3, 0, 6, 216.29, 83353, 46
401, 3, 6, 15, 11, 2, 0.00%, 3, 0, 6, 216.79, 84477, 46
406, 3, 6, 15, 11, 2, 0.00%, 3, 0, 6, 218.45, 85617, 46
412, 3, 6, 15, 11, 2, 0.00%, 3, 0, 6, 218.51, 86713, 46
417, 3, 6, 15, 11, 2, 0.00%, 3, 0, 6, 218.27, 87845, 46
422, 3, 6, 15, 11, 2, 0.00%, 3, 0, 6, 219.61, 88985, 46
427, 3, 6, 15, 11, 2, 0.00%, 3, 0, 6, 218.56, 90073, 46
432, 3, 6, 15, 11, 2, 0.00%, 3, 0, 6, 216.91, 91197, 46
437, 3, 6, 15, 11, 2, 0.00%, 3, 0, 6, 216.49, 92321, 46
442, 3, 6, 15, 11, 2, 0.00%, 3, 0, 6, 217.30, 93417, 46
447, 3, 6, 15, 11, 2, 0.00%, 3, 0, 6, 214.47, 94505, 46
453, 3, 6, 15, 11, 2, 0.00%, 3, 0, 6, 216.14, 95629, 46
458, 3, 6, 15, 11, 2, 0.00%, 3, 0, 6, 218.79, 96765, 46
463, 3, 6, 15, 11, 2, 0.00%, 3, 0, 6, 219.83, 97901, 46
468, 3, 6, 15, 11, 2, 0.00%, 3, 0, 6, 220.00, 98997, 46
473, 3, 6, 15, 11, 2, 0.00%, 3, 0, 6, 220.08, 100129, 46
478, 3, 8, 15, 10, 2, 0.00%, 3, 0, 6, 220.35, 101225, 46
483, 3, 8, 16, 11, 2, 0.00%, 3, 0, 7, 218.15, 102305, 46
488, 3, 8, 16, 11, 2, 0.00%, 3, 0, 7, 219.34, 103441, 46
494, 3, 8, 16, 11, 2, 0.00%, 3, 0, 7, 220.38, 104589, 46
499, 3, 5, 16, 10, 1, 0.00%, 3, 0, 7, 222.71, 105745, 46
504, 3, 5, 16, 10, 1, 0.00%, 3, 0, 7, 219.59, 106837, 46
509, 3, 5, 16, 10, 1, 0.00%, 3, 0, 7, 219.50, 107973, 46
514, 3, 8, 16, 9, 0, 0.00%, 3, 0, 7, 218.96, 109069, 46
519, 3, 8, 16, 9, 0, 0.00%, 3, 0, 7, 220.18, 110168, 46
524, 3, 8, 16, 9, 0, 0.00%, 3, 0, 7, 221.41, 111271, 46
529, 3, 5, 16, 9, 0, 0.00%, 3, 0, 7, 223.00, 112422, 46
534, 3, 5, 16, 9, 0, 0.00%, 3, 0, 7, 219.08, 113558, 46
540, 3, 8, 16, 9, 0, 0.00%, 3, 0, 7, 216.21, 114692, 46
545, 3, 8, 16, 9, 0, 0.00%, 3, 0, 7, 214.50, 115783, 46
550, 3, 8, 16, 9, 0, 0.00%, 3, 0, 7, 216.64, 116882, 46
555, 3, 8, 16, 9, 0, 0.00%, 3, 0, 7, 216.83, 118017, 46
556, 3, 8, 16, 9, 0, 0.00%, 3, 0, 7, 218.24, 118143, 46
