# relative_time, cycles_done, cur_item, corpus_count, pending_total, pending_favs, map_size, saved_crashes, saved_hangs, max_depth, execs_per_sec, total_execs, edges_found
60, 0, 0, 24, 24, 1, 0.00%, 0, 0, 2, 212.24, 12829, 69
65, 0, 0, 24, 24, 1, 0.00%, 0, 0, 2, 214.32, 13917, 69
70, 0, 0, 24, 24, 1, 0.00%, 0, 0, 2, 215.42, 15017, 69
75, 0, 0, 24, 24, 1, 0.00%, 0, 0, 2, 216.45, 16117, 69
80, 0, 0, 24, 24, 1, 0.00%, 0, 0, 2, 215.97, 17209, 69
86, 0, 0, 24, 24, 1, 0.00%, 0, 0, 2, 215.54, 18301, 69
91, 0, 0, 24, 24, 1, 0.00%, 0, 0, 2, 212.37, 19361, 69
96, 0, 0, 25, 25, 1, 0.00%, 0, 0, 2, 213.12, 20441, 69
101, 0, 0, 25, 25, 1, 0.00%, 0, 0, 2, 214.87, 21529, 69
106, 0, 0, 26, 26, 1, 0.00%, 0, 0, 2, 213.34, 22617, 69
111, 0, 0, 27, 27, 1, 0.00%, 0, 0, 2, 211.79, 23693, 69
116, 0, 0, 27, 27, 1, 0.00%, 0, 0, 2, 214.49, 24781, 69
121, 0, 0, 27, 27, 1, 0.00%, 0, 0, 2, 210.78, 25849, 69
126, 0, 0, 27, 27, 1, 0.00%, 0, 0, 2, 214.28, 26929, 69
131, 0, 0, 27, 27, 1, 0.00%, 0, 0, 2, 213.68, 28005, 69
136, 0, 0, 27, 27, 1, 0.00%, 0, 0, 2, 215.83, 29105, 69
141, 0, 0, 27, 27, 1, 0.00%, 0, 0, 2, 214.84, 30185, 69
146, 0, 0, 27, 27, 1, 0.00%, 0, 0, 2, 215.75, 31269, 69
151, 0, 0, 28, 28, 1, 0.00%, 0, 0, 2, 211.02, 32317, 69
156, 0, 0, 28, 28, 1, 0.00%, 0, 0, 2, 214.09, 33405, 69
161, 0, 0, 28, 28, 1, 0.00%, 0, 0, 2, 215.02, 34493, 69
166, 0, 0, 28, 28, 1, 0.00%, 0, 0, 2, 214.82, 35573, 69
171, 0, 0, 28, 28, 1, 0.00%, 0, 0, 2, 214.71, 36661, 69
176, 0, 0, 28, 28, 1, 0.00%, 0, 0, 2, 214.92, 37749, 69
181, 0, 0, 28, 28, 1, 0.00%, 0, 0, 2, 214.69, 38829, 69
186, 0, 0, 28, 28, 1, 0.00%, 0, 0, 2, 215.48, 39917, 69
191, 0, 0, 28, 28, 1, 0.00%, 0, 0, 2, 216.20, 41041, 69
196, 0, 0, 28, 28, 1, 0.00%, 0, 0, 2, 215.86, 42125, 69
201, 0, 0, 28, 28, 1, 0.00%, 0, 0, 2, 216.32, 43213, 69
205, 0, 0, 28, 28, 1, 0.00%, 0, 0, 2, 212.52, 43941, 69
