# relative_time, cycles_done, cur_item, corpus_count, pending_total, pending_favs, map_size, saved_crashes, saved_hangs, max_depth, execs_per_sec, total_execs, edges_found
61, 5, 2, 5, 1, 0, 0.00%, 0, 0, 3, 248.01, 15260, 17
66, 5, 2, 5, 1, 0, 0.00%, 0, 0, 3, 248.61, 16551, 17
71, 6, 3, 5, 1, 0, 0.00%, 0, 0, 3, 248.83, 17847, 17
77, 6, 2, 5, 1, 0, 0.00%, 0, 0, 3, 248.52, 19139, 17
82, 7, 2, 5, 0, 0, 0.00%, 0, 0, 3, 248.39, 20386, 17
87, 7, 2, 5, 0, 0, 0.00%, 0, 0, 3, 248.52, 21630, 17
92, 8, 2, 5, 0, 0, 0.00%, 0, 0, 3, 248.29, 22917, 17
97, 8, 1, 5, 0, 0, 0.00%, 0, 0, 3, 248.67, 24165, 17
102, 9, 2, 5, 0, 0, 0.00%, 0, 0, 3, 248.43, 25409, 17
107, 9, 2, 5, 0, 0, 0.00%, 0, 0, 3, 248.53, 26652, 17
112, 10, 2, 5, 0, 0, 0.00%, 0, 0, 3, 248.35, 27944, 17
117, 10, 2, 5, 0, 0, 0.00%, 0, 0, 3, 247.57, 29231, 17
123, 11, 2, 5, 0, 0, 0.00%, 0, 0, 3, 248.40, 30523, 17
126, 11, 1, 5, 0, 0, 0.00%, 0, 0, 3, 248.13, 31347, 17
