# relative_time, cycles_done, cur_item, corpus_count, pending_total, pending_favs, map_size, saved_crashes, saved_hangs, max_depth, execs_per_sec, total_execs, edges_found
61, 3, 0, 1, 0, 0, 0.00%, 0, 0, 1, 205.85, 12164, 7
66, 4, 0, 1, 0, 0, 0.00%, 0, 0, 1, 206.88, 13223, 7
71, 4, 0, 1, 0, 0, 0.00%, 0, 0, 1, 206.34, 14279, 7
76, 4, 0, 1, 0, 0, 0.00%, 0, 0, 1, 202.81, 15306, 7
81, 4, 0, 1, 0, 0, 0.00%, 0, 0, 1, 202.81, 16317, 7
86, 5, 0, 1, 0, 0, 0.00%, 0, 0, 1, 200.79, 17332, 7
91, 5, 0, 1, 0, 0, 0.00%, 0, 0, 1, 200.53, 18355, 7
96, 5, 0, 1, 0, 0, 0.00%, 0, 0, 1, 201.32, 19378, 7
101, 6, 0, 1, 0, 0, 0.00%, 0, 0, 1, 200.86, 20385, 7
106, 6, 0, 1, 0, 0, 0.00%, 0, 0, 1, 201.29, 21397, 7
112, 6, 0, 1, 0, 0, 0.00%, 0, 0, 1, 202.67, 22432, 7
117, 6, 0, 1, 0, 0, 0.00%, 0, 0, 1, 200.66, 23435, 7
122, 7, 0, 1, 0, 0, 0.00%, 0, 0, 1, 201.22, 24462, 7
127, 7, 0, 1, 0, 0, 0.00%, 0, 0, 1, 203.87, 25513, 7
132, 7, 0, 1, 0, 0, 0.00%, 0, 0, 1, 204.50, 26552, 7
137, 8, 0, 1, 0, 0, 0.00%, 0, 0, 1, 202.93, 27571, 7
142, 8, 0, 1, 0, 0, 0.00%, 0, 0, 1, 204.64, 28618, 7
147, 8, 0, 1, 0, 0, 0.00%, 0, 0, 1, 204.07, 29653, 7
152, 8, 0, 1, 0, 0, 0.00%, 0, 0, 1, 204.98, 30709, 7
157, 9, 0, 1, 0, 0, 0.00%, 0, 0, 1, 204.51, 31752, 7
162, 9, 0, 1, 0, 0, 0.00%, 0, 0, 1, 206.15, 32795, 7
167, 9, 0, 1, 0, 0, 0.00%, 0, 0, 1, 204.07, 33826, 7
173, 10, 0, 1, 0, 0, 0.00%, 0, 0, 1, 204.93, 34865, 7
178, 10, 0, 1, 0, 0, 0.00%, 0, 0, 1, 204.12, 35884, 7
183, 10, 0, 1, 0, 0, 0.00%, 0, 0, 1, 205.00, 36919, 7
188, 11, 0, 1, 0, 0, 0.00%, 0, 0, 1, 205.13, 37962, 7
193, 11, 0, 1, 0, 0, 0.00%, 0, 0, 1, 204.04, 39006, 7
198, 11, 0, 1, 0, 0, 0.00%, 0, 0, 1, 204.28, 40029, 7
203, 11, 0, 1, 0, 0, 0.00%, 0, 0, 1, 204.54, 41060, 7
208, 12, 0, 1, 0, 0, 0.00%, 0, 0, 1, 205.07, 42119, 7
213, 12, 0, 1, 0, 0, 0.00%, 0, 0, 1, 204.22, 43146, 7
218, 12, 0, 1, 0, 0, 0.00%, 0, 0, 1, 204.69, 44197, 7
223, 13, 0, 1, 0, 0, 0.00%, 0, 0, 1, 204.30, 45252, 7
228, 13, 0, 1, 0, 0, 0.00%, 0, 0, 1, 205.30, 46295, 7
233, 13, 0, 1, 0, 0, 0.00%, 0, 0, 1, 205.12, 47326, 7
238, 13, 0, 1, 0, 0, 0.00%, 0, 0, 1, 204.81, 48358, 7
244, 14, 0, 1, 0, 0, 0.00%, 0, 0, 1, 203.96, 49401, 7
249, 14, 0, 1, 0, 0, 0.00%, 0, 0, 1, 203.74, 50432, 7
254, 14, 0, 1, 0, 0, 0.00%, 0, 0, 1, 204.29, 51463, 7
259, 15, 0, 1, 0, 0, 0.00%, 0, 0, 1, 204.03, 52486, 7
264, 15, 0, 1, 0, 0, 0.00%, 0, 0, 1, 204.57, 53525, 7
269, 15, 0, 1, 0, 0, 0.00%, 0, 0, 1, 204.03, 54572, 7
274, 16, 0, 1, 0, 0, 0.00%, 0, 0, 1, 204.72, 55603, 7
279, 16, 0, 1, 0, 0, 0.00%, 0, 0, 1, 204.33, 56655, 7
284, 16, 0, 1, 0, 0, 0.00%, 0, 0, 1, 203.33, 57674, 7
289, 16, 0, 1, 0, 0, 0.00%, 0, 0, 1, 203.88, 58721, 7
294, 17, 0, 1, 0, 0, 0.00%, 0, 0, 1, 204.44, 59772, 7
300, 17, 0, 1, 0, 0, 0.00%, 0, 0, 1, 204.56, 60827, 7
305, 17, 0, 1, 0, 0, 0.00%, 0, 0, 1, 204.24, 61866, 7
310, 18, 0, 1, 0, 0, 0.00%, 0, 0, 1, 203.54, 62921, 7
315, 18, 0, 1, 0, 0, 0.00%, 0, 0, 1, 203.32, 63972, 7
320, 18, 0, 1, 0, 0, 0.00%, 0, 0, 1, 203.24, 65007, 7
325, 18, 0, 1, 0, 0, 0.00%, 0, 0, 1, 204.66, 66039, 7
328, 19, 0, 1, 0, 0, 0.00%, 0, 0, 1, 204.59, 66577, 7
