# relative_time, cycles_done, cur_item, corpus_count, pending_total, pending_favs, map_size, saved_crashes, saved_hangs, max_depth, execs_per_sec, total_execs, edges_found
61, 3, 1, 2, 0, 0, 0.00%, 0, 0, 2, 225.87, 13770, 11
66, 3, 1, 2, 0, 0, 0.00%, 0, 0, 2, 224.78, 14910, 11
71, 4, 1, 2, 0, 0, 0.00%, 0, 0, 2, 226.96, 16094, 11
76, 4, 1, 2, 0, 0, 0.00%, 0, 0, 2, 228.35, 17282, 11
81, 5, 1, 2, 0, 0, 0.00%, 0, 0, 2, 225.39, 18458, 11
86, 5, 0, 2, 0, 0, 0.00%, 0, 0, 2, 225.73, 19599, 11
91, 5, 0, 2, 0, 0, 0.00%, 0, 0, 2, 226.80, 20734, 11
96, 6, 1, 2, 0, 0, 0.00%, 0, 0, 2, 226.40, 21884, 11
102, 6, 1, 2, 0, 0, 0.00%, 0, 0, 2, 226.91, 23068, 11
107, 7, 1, 2, 0, 0, 0.00%, 0, 0, 2, 226.43, 24200, 11
112, 7, 1, 2, 0, 0, 0.00%, 0, 0, 2, 227.58, 25352, 11
117, 8, 1, 2, 0, 0, 0.00%, 0, 0, 2, 225.74, 26528, 11
122, 8, 1, 2, 0, 0, 0.00%, 0, 0, 2, 227.67, 27664, 11
127, 9, 1, 2, 0, 0, 0.00%, 0, 0, 2, 225.50, 28796, 11
132, 9, 1, 2, 0, 0, 0.00%, 0, 0, 2, 226.54, 29940, 11
137, 10, 1, 2, 0, 0, 0.00%, 0, 0, 2, 228.29, 31084, 11
142, 10, 1, 2, 0, 0, 0.00%, 0, 0, 2, 225.96, 32216, 11
147, 11, 1, 2, 0, 0, 0.00%, 0, 0, 2, 224.29, 33349, 11
152, 11, 1, 2, 0, 0, 0.00%, 0, 0, 2, 227.09, 34540, 11
157, 12, 1, 2, 0, 0, 0.00%, 0, 0, 2, 231.32, 35696, 11
162, 12, 1, 2, 0, 0, 0.00%, 0, 0, 2, 230.35, 36888, 11
168, 13, 1, 2, 0, 0, 0.00%, 0, 0, 2, 230.05, 38080, 11
173, 13, 1, 2, 0, 0, 0.00%, 0, 0, 2, 229.06, 39240, 11
178, 14, 0, 2, 0, 0, 0.00%, 0, 0, 2, 225.02, 40377, 11
183, 14, 0, 2, 0, 0, 0.00%, 0, 0, 2, 228.52, 41532, 11
188, 14, 0, 2, 0, 0, 0.00%, 0, 0, 2, 227.95, 42675, 11
193, 14, 0, 2, 0, 0, 0.00%, 0, 0, 2, 226.54, 43822, 11
198, 14, 1, 2, 0, 0, 0.00%, 0, 0, 2, 228.41, 44993, 11
203, 15, 1, 2, 0, 0, 0.00%, 0, 0, 2, 230.11, 46149, 11
208, 15, 1, 2, 0, 0, 0.00%, 0, 0, 2, 228.77, 47293, 11
213, 16, 1, 2, 0, 0, 0.00%, 0, 0, 2, 228.29, 48441, 11
218, 16, 1, 2, 0, 0, 0.00%, 0, 0, 2, 232.09, 49605, 11
223, 17, 1, 2, 0, 0, 0.00%, 0, 0, 2, 229.87, 50749, 11
228, 17, 1, 2, 0, 0, 0.00%, 0, 0, 2, 228.68, 51941, 11
233, 18, 1, 2, 0, 0, 0.00%, 0, 0, 2, 228.56, 53093, 11
238, 18, 1, 2, 0, 0, 0.00%, 0, 0, 2, 228.28, 54277, 11
244, 18, 0, 2, 0, 0, 0.00%, 0, 0, 2, 230.59, 55443, 11
249, 18, 0, 2, 0, 0, 0.00%, 0, 0, 2, 229.01, 56630, 11
254, 19, 1, 2, 0, 0, 0.00%, 0, 0, 2, 228.89, 57779, 11
259, 19, 1, 2, 0, 0, 0.00%, 0, 0, 2, 225.98, 58919, 11
264, 20, 1, 2, 0, 0, 0.00%, 0, 0, 2, 231.94, 60087, 11
269, 20, 1, 2, 0, 0, 0.00%, 0, 0, 2, 229.51, 61227, 11
274, 21, 1, 2, 0, 0, 0.00%, 0, 0, 2, 230.07, 62419, 11
279, 21, 1, 2, 0, 0, 0.00%, 0, 0, 2, 227.95, 63563, 11
284, 22, 1, 2, 0, 0, 0.00%, 0, 0, 2, 228.59, 64711, 11
289, 22, 1, 2, 0, 0, 0.00%, 0, 0, 2, 225.86, 65851, 11
294, 23, 1, 2, 0, 0, 0.00%, 0, 0, 2, 227.16, 66991, 11
299, 23, 1, 2, 0, 0, 0.00%, 0, 0, 2, 226.29, 68159, 11
304, 24, 0, 2, 0, 0, 0.00%, 0, 0, 2, 228.06, 69305, 11
309, 24, 0, 2, 0, 0, 0.00%, 0, 0, 2, 224.98, 70428, 11
314, 24, 1, 2, 0, 0, 0.00%, 0, 0, 2, 225.01, 71566, 11
319, 24, 0, 2, 0, 0, 0.00%, 0, 0, 2, 224.83, 72693, 11
325, 24, 0, 2, 0, 0, 0.00%, 0, 0, 2, 224.87, 73864, 11
330, 24, 0, 2, 0, 0, 0.00%, 0, 0, 2, 227.03, 75035, 11
335, 24, 0, 2, 0, 0, 0.00%, 0, 0, 2, 224.46, 76158, 11
340, 25, 1, 2, 0, 0, 0.00%, 0, 0, 2, 224.21, 77286, 11
345, 25, 0, 2, 0, 0, 0.00%, 0, 0, 2, 225.40, 78417, 11
350, 25, 0, 2, 0, 0, 0.00%, 0, 0, 2, 225.90, 79548, 11
355, 26, 1, 2, 0, 0, 0.00%, 0, 0, 2, 223.24, 80668, 11
360, 26, 1, 2, 0, 0, 0.00%, 0, 0, 2, 225.96, 81805, 11
365, 26, 0, 2, 0, 0, 0.00%, 0, 0, 2, 225.82, 82935, 11
370, 26, 0, 2, 0, 0, 0.00%, 0, 0, 2, 226.18, 84074, 11
375, 27, 0, 2, 0, 0, 0.00%, 0, 0, 2, 227.32, 85211, 11
380, 27, 0, 2, 0, 0, 0.00%, 0, 0, 2, 226.57, 86346, 11
385, 27, 1, 2, 0, 0, 0.00%, 0, 0, 2, 224.75, 87477, 11
390, 28, 1, 2, 0, 0, 0.00%, 0, 0, 2, 226.96, 88621, 11
395, 28, 1, 2, 0, 0, 0.00%, 0, 0, 2, 227.23, 89773, 11
400, 29, 1, 2, 0, 0, 0.00%, 0, 0, 2, 228.85, 90917, 11
405, 29, 1, 2, 0, 0, 0.00%, 0, 0, 2, 227.90, 92061, 11
410, 29, 1, 2, 0, 0, 0.00%, 0, 0, 2, 226.67, 93198, 11
415, 30, 1, 2, 0, 0, 0.00%, 0, 0, 2, 230.15, 94354, 11
420, 30, 1, 2, 0, 0, 0.00%, 0, 0, 2, 227.56, 95490, 11
425, 31, 0, 2, 0, 0, 0.00%, 0, 0, 2, 227.47, 96661, 11
430, 31, 0, 2, 0, 0, 0.00%, 0, 0, 2, 224.11, 97792, 11
436, 31, 1, 2, 0, 0, 0.00%, 0, 0, 2, 226.31, 98976, 11
441, 32, 1, 2, 0, 0, 0.00%, 0, 0, 2, 227.41, 100152, 11
446, 32, 1, 2, 0, 0, 0.00%, 0, 0, 2, 228.45, 101292, 11
451, 33, 1, 2, 0, 0, 0.00%, 0, 0, 2, 226.15, 102424, 11
456, 33, 1, 2, 0, 0, 0.00%, 0, 0, 2, 225.43, 103600, 11
461, 34, 1, 2, 0, 0, 0.00%, 0, 0, 2, 225.54, 104784, 11
466, 34, 1, 3, 1, 0, 0.00%, 0, 0, 3, 228.71, 105933, 12
471, 34, 2, 3, 1, 1, 0.00%, 0, 0, 3, 227.05, 107070, 12
476, 34, 2, 3, 1, 1, 0.00%, 0, 0, 3, 227.40, 108206, 12
481, 34, 2, 3, 0, 0, 0.00%, 0, 0, 3, 227.16, 109346, 12
486, 34, 2, 3, 0, 0, 0.00%, 0, 0, 3, 229.40, 110541, 12
491, 35, 2, 3, 0, 0, 0.00%, 0, 0, 3, 229.11, 111688, 12
496, 35, 2, 3, 0, 0, 0.00%, 0, 0, 3, 227.44, 112831, 12
502, 35, 2, 3, 0, 0, 0.00%, 0, 0, 3, 224.99, 114004, 12
507, 35, 2, 3, 0, 0, 0.00%, 0, 0, 3, 226.79, 115151, 12
512, 35, 2, 3, 0, 0, 0.00%, 0, 0, 3, 228.12, 116291, 12
517, 35, 2, 3, 0, 0, 0.00%, 0, 0, 3, 226.23, 117464, 12
522, 35, 2, 3, 0, 0, 0.00%, 0, 0, 3, 226.63, 118607, 12
527, 36, 2, 3, 0, 0, 0.00%, 0, 0, 3, 225.19, 119782, 12
532, 36, 2, 3, 0, 0, 0.00%, 0, 0, 3, 225.67, 120917, 12
537, 36, 1, 3, 0, 0, 0.00%, 0, 0, 3, 227.69, 122063, 12
542, 36, 2, 3, 0, 0, 0.00%, 0, 0, 3, 226.85, 123194, 12
547, 36, 2, 3, 0, 0, 0.00%, 0, 0, 3, 226.56, 124341, 12
552, 36, 2, 3, 0, 0, 0.00%, 0, 0, 3, 227.01, 125480, 12
557, 36, 2, 3, 0, 0, 0.00%, 0, 0, 3, 226.51, 126611, 12
560, 36, 2, 3, 0, 0, 0.00%, 0, 0, 3, 226.17, 127110, 12
