# relative_time, cycles_done, cur_item, corpus_count, pending_total, pending_favs, map_size, saved_crashes, saved_hangs, max_depth, execs_per_sec, total_execs, edges_found
61, 3, 0, 1, 0, 0, 0.00%, 0, 0, 1, 199.81, 12317, 6
66, 4, 0, 1, 0, 0, 0.00%, 0, 0, 1, 200.80, 13330, 6
71, 4, 0, 1, 0, 0, 0.00%, 0, 0, 1, 199.52, 14338, 6
76, 4, 0, 1, 0, 0, 0.00%, 0, 0, 1, 198.84, 15345, 6
81, 4, 0, 1, 0, 0, 0.00%, 0, 0, 1, 201.33, 16354, 6
86, 5, 0, 1, 0, 0, 0.00%, 0, 0, 1, 201.22, 17359, 6
91, 5, 0, 1, 0, 0, 0.00%, 0, 0, 1, 202.26, 18396, 6
96, 5, 0, 1, 0, 0, 0.00%, 0, 0, 1, 203.64, 19431, 6
101, 6, 0, 1, 0, 0, 0.00%, 0, 0, 1, 205.26, 20454, 6
106, 6, 0, 1, 0, 0, 0.00%, 0, 0, 1, 203.59, 21477, 6
111, 6, 0, 1, 0, 0, 0.00%, 0, 0, 1, 202.46, 22493, 6
116, 6, 0, 1, 0, 0, 0.00%, 0, 0, 1, 203.27, 23524, 6
121, 7, 0, 1, 0, 0, 0.00%, 0, 0, 1, 203.80, 24559, 6
126, 7, 0, 1, 0, 0, 0.00%, 0, 0, 1, 202.80, 25578, 6
132, 7, 0, 1, 0, 0, 0.00%, 0, 0, 1, 201.50, 26617, 6
137, 8, 0, 1, 0, 0, 0.00%, 0, 0, 1, 201.73, 27644, 6
142, 8, 0, 1, 0, 0, 0.00%, 0, 0, 1, 201.73, 28667, 6
147, 8, 0, 1, 0, 0, 0.00%, 0, 0, 1, 201.25, 29690, 6
152, 8, 0, 1, 0, 0, 0.00%, 0, 0, 1, 200.69, 30706, 6
157, 9, 0, 1, 0, 0, 0.00%, 0, 0, 1, 201.88, 31737, 6
162, 9, 0, 1, 0, 0, 0.00%, 0, 0, 1, 200.99, 32752, 6
167, 9, 0, 1, 0, 0, 0.00%, 0, 0, 1, 203.31, 33811, 6
172, 10, 0, 1, 0, 0, 0.00%, 0, 0, 1, 202.81, 34842, 6
177, 10, 0, 1, 0, 0, 0.00%, 0, 0, 1, 201.44, 35853, 6
182, 10, 0, 1, 0, 0, 0.00%, 0, 0, 1, 202.28, 36880, 6
188, 11, 0, 1, 0, 0, 0.00%, 0, 0, 1, 202.97, 37911, 6
193, 11, 0, 1, 0, 0, 0.00%, 0, 0, 1, 202.93, 38939, 6
198, 11, 0, 1, 0, 0, 0.00%, 0, 0, 1, 201.39, 39962, 6
203, 11, 0, 1, 0, 0, 0.00%, 0, 0, 1, 201.73, 40985, 6
208, 12, 0, 1, 0, 0, 0.00%, 0, 0, 1, 202.30, 42028, 6
213, 12, 0, 1, 0, 0, 0.00%, 0, 0, 1, 203.21, 43059, 6
218, 12, 0, 1, 0, 0, 0.00%, 0, 0, 1, 203.01, 44090, 6
223, 13, 0, 1, 0, 0, 0.00%, 0, 0, 1, 202.74, 45113, 6
228, 13, 0, 1, 0, 0, 0.00%, 0, 0, 1, 200.49, 46140, 6
233, 13, 0, 1, 0, 0, 0.00%, 0, 0, 1, 202.28, 47160, 6
238, 13, 0, 1, 0, 0, 0.00%, 0, 0, 1, 203.60, 48195, 6
243, 14, 0, 1, 0, 0, 0.00%, 0, 0, 1, 203.16, 49218, 6
248, 14, 0, 1, 0, 0, 0.00%, 0, 0, 1, 202.19, 50249, 6
254, 14, 0, 1, 0, 0, 0.00%, 0, 0, 1, 201.89, 51292, 6
259, 15, 0, 1, 0, 0, 0.00%, 0, 0, 1, 203.56, 52339, 6
264, 15, 0, 1, 0, 0, 0.00%, 0, 0, 1, 204.81, 53394, 6
269, 15, 0, 1, 0, 0, 0.00%, 0, 0, 1, 205.17, 54445, 6
274, 16, 0, 1, 0, 0, 0.00%, 0, 0, 1, 203.92, 55496, 6
279, 16, 0, 1, 0, 0, 0.00%, 0, 0, 1, 204.75, 56532, 6
284, 16, 0, 1, 0, 0, 0.00%, 0, 0, 1, 204.12, 57555, 6
289, 16, 0, 1, 0, 0, 0.00%, 0, 0, 1, 206.08, 58602, 6
294, 17, 0, 1, 0, 0, 0.00%, 0, 0, 1, 205.19, 59645, 6
300, 17, 0, 1, 0, 0, 0.00%, 0, 0, 1, 205.01, 60708, 6
305, 17, 0, 1, 0, 0, 0.00%, 0, 0, 1, 204.15, 61739, 6
310, 18, 0, 1, 0, 0, 0.00%, 0, 0, 1, 205.11, 62774, 6
315, 18, 0, 1, 0, 0, 0.00%, 0, 0, 1, 204.39, 63809, 6
320, 18, 0, 1, 0, 0, 0.00%, 0, 0, 1, 204.65, 64841, 6
325, 18, 0, 1, 0, 0, 0.00%, 0, 0, 1, 204.76, 65880, 6
330, 19, 0, 1, 0, 0, 0.00%, 0, 0, 1, 203.34, 66927, 6
335, 19, 0, 1, 0, 0, 0.00%, 0, 0, 1, 200.73, 67938, 6
340, 19, 0, 1, 0, 0, 0.00%, 0, 0, 1, 202.92, 68969, 6
345, 20, 0, 1, 0, 0, 0.00%, 0, 0, 1, 201.57, 69984, 6
350, 20, 0, 1, 0, 0, 0.00%, 0, 0, 1, 202.46, 71031, 6
355, 20, 0, 1, 0, 0, 0.00%, 0, 0, 1, 204.05, 72066, 6
361, 20, 0, 1, 0, 0, 0.00%, 0, 0, 1, 204.79, 73110, 6
366, 21, 0, 1, 0, 0, 0.00%, 0, 0, 1, 206.37, 74141, 6
371, 21, 0, 1, 0, 0, 0.00%, 0, 0, 1, 204.42, 75172, 6
376, 21, 0, 1, 0, 0, 0.00%, 0, 0, 1, 203.81, 76219, 6
381, 22, 0, 1, 0, 0, 0.00%, 0, 0, 1, 204.01, 77258, 6
386, 22, 0, 1, 0, 0, 0.00%, 0, 0, 1, 203.95, 78313, 6
391, 22, 0, 1, 0, 0, 0.00%, 0, 0, 1, 203.70, 79348, 6
396, 23, 0, 1, 0, 0, 0.00%, 0, 0, 1, 203.74, 80387, 6
401, 23, 0, 1, 0, 0, 0.00%, 0, 0, 1, 203.71, 81430, 6
406, 23, 0, 1, 0, 0, 0.00%, 0, 0, 1, 206.15, 82474, 6
411, 23, 0, 1, 0, 0, 0.00%, 0, 0, 1, 204.25, 83497, 6
417, 24, 0, 1, 0, 0, 0.00%, 0, 0, 1, 203.71, 84556, 6
422, 24, 0, 1, 0, 0, 0.00%, 0, 0, 1, 203.41, 85599, 6
427, 24, 0, 1, 0, 0, 0.00%, 0, 0, 1, 203.18, 86654, 6
432, 25, 0, 1, 0, 0, 0.00%, 0, 0, 1, 202.58, 87693, 6
437, 25, 0, 1, 0, 0, 0.00%, 0, 0, 1, 202.95, 88724, 6
442, 25, 0, 1, 0, 0, 0.00%, 0, 0, 1, 203.36, 89759, 6
447, 26, 0, 1, 0, 0, 0.00%, 0, 0, 1, 202.59, 90782, 6
452, 26, 0, 1, 0, 0, 0.00%, 0, 0, 1, 202.49, 91818, 6
458, 26, 0, 1, 0, 0, 0.00%, 0, 0, 1, 203.90, 92853, 6
463, 26, 0, 1, 0, 0, 0.00%, 0, 0, 1, 204.37, 93884, 6
468, 27, 0, 1, 0, 0, 0.00%, 0, 0, 1, 202.60, 94903, 6
473, 27, 0, 1, 0, 0, 0.00%, 0, 0, 1, 203.61, 95938, 6
478, 27, 0, 1, 0, 0, 0.00%, 0, 0, 1, 201.70, 96957, 6
483, 28, 0, 1, 0, 0, 0.00%, 0, 0, 1, 202.03, 97992, 6
488, 28, 0, 1, 0, 0, 0.00%, 0, 0, 1, 202.42, 99027, 6
493, 28, 0, 1, 0, 0, 0.00%, 0, 0, 1, 201.84, 100059, 6
498, 28, 0, 1, 0, 0, 0.00%, 0, 0, 1, 202.45, 101078, 6
503, 29, 0, 1, 0, 0, 0.00%, 0, 0, 1, 202.31, 102097, 6
508, 29, 0, 1, 0, 0, 0.00%, 0, 0, 1, 202.86, 103132, 6
513, 29, 0, 1, 0, 0, 0.00%, 0, 0, 1, 202.79, 104151, 6
518, 30, 0, 1, 0, 0, 0.00%, 0, 0, 1, 203.34, 105198, 6
524, 30, 0, 1, 0, 0, 0.00%, 0, 0, 1, 202.83, 106229, 6
529, 30, 0, 1, 0, 0, 0.00%, 0, 0, 1, 203.63, 107280, 6
534, 30, 0, 1, 0, 0, 0.00%, 0, 0, 1, 203.58, 108312, 6
539, 31, 0, 1, 0, 0, 0.00%, 0, 0, 1, 202.25, 109335, 6
544, 31, 0, 1, 0, 0, 0.00%, 0, 0, 1, 203.34, 110358, 6
549, 31, 0, 1, 0, 0, 0.00%, 0, 0, 1, 203.96, 111389, 6
554, 32, 0, 1, 0, 0, 0.00%, 0, 0, 1, 202.66, 112408, 6
559, 32, 0, 1, 0, 0, 0.00%, 0, 0, 1, 204.17, 113459, 6
564, 32, 0, 1, 0, 0, 0.00%, 0, 0, 1, 203.75, 114478, 6
569, 33, 0, 1, 0, 0, 0.00%, 0, 0, 1, 203.52, 115505, 6
574, 33, 0, 1, 0, 0, 0.00%, 0, 0, 1, 203.37, 116525, 6
579, 33, 0, 1, 0, 0, 0.00%, 0, 0, 1, 203.40, 117560, 6
584, 33, 0, 1, 0, 0, 0.00%, 0, 0, 1, 204.07, 118603, 6
590, 34, 0, 1, 0, 0, 0.00%, 0, 0, 1, 204.91, 119658, 6
595, 34, 0, 1, 0, 0, 0.00%, 0, 0, 1, 156.15, 120402, 6
600, 34, 0, 1, 0, 0, 0.00%, 0, 0, 1, 192.73, 121436, 6
605, 35, 0, 1, 0, 0, 0.00%, 0, 0, 1, 202.98, 122487, 6
610, 35, 0, 1, 0, 0, 0.00%, 0, 0, 1, 202.37, 123519, 6
615, 35, 0, 1, 0, 0, 0.00%, 0, 0, 1, 203.00, 124578, 6
620, 35, 0, 1, 0, 0, 0.00%, 0, 0, 1, 203.53, 125605, 6
625, 36, 0, 1, 0, 0, 0.00%, 0, 0, 1, 205.32, 126652, 6
630, 36, 0, 1, 0, 0, 0.00%, 0, 0, 1, 204.10, 127671, 6
635, 36, 0, 1, 0, 0, 0.00%, 0, 0, 1, 203.26, 128710, 6
640, 37, 0, 1, 0, 0, 0.00%, 0, 0, 1, 205.52, 129745, 6
646, 37, 0, 1, 0, 0, 0.00%, 0, 0, 1, 203.85, 130800, 6
651, 37, 0, 1, 0, 0, 0.00%, 0, 0, 1, 204.57, 131848, 6
656, 37, 0, 1, 0, 0, 0.00%, 0, 0, 1, 204.51, 132895, 6
661, 38, 0, 1, 0, 0, 0.00%, 0, 0, 1, 203.48, 133922, 6
666, 38, 0, 1, 0, 0, 0.00%, 0, 0, 1, 203.83, 134977, 6
671, 38, 0, 1, 0, 0, 0.00%, 0, 0, 1, 202.88, 136000, 6
676, 39, 0, 1, 0, 0, 0.00%, 0, 0, 1, 200.16, 137011, 6
681, 39, 0, 1, 0, 0, 0.00%, 0, 0, 1, 203.22, 138038, 6
686, 39, 0, 1, 0, 0, 0.00%, 0, 0, 1, 201.68, 139065, 6
692, 39, 0, 1, 0, 0, 0.00%, 0, 0, 1, 201.19, 140089, 6
697, 40, 0, 1, 0, 0, 0.00%, 0, 0, 1, 202.55, 141124, 6
702, 40, 0, 1, 0, 0, 0.00%, 0, 0, 1, 202.50, 142147, 6
707, 40, 0, 1, 0, 0, 0.00%, 0, 0, 1, 203.22, 143190, 6
712, 41, 0, 1, 0, 0, 0.00%, 0, 0, 1, 202.76, 144217, 6
717, 41, 0, 1, 0, 0, 0.00%, 0, 0, 1, 200.32, 145245, 6
722, 41, 0, 1, 0, 0, 0.00%, 0, 0, 1, 202.40, 146287, 6
727, 42, 0, 1, 0, 0, 0.00%, 0, 0, 1, 202.69, 147322, 6
732, 42, 0, 1, 0, 0, 0.00%, 0, 0, 1, 202.37, 148353, 6
737, 42, 0, 1, 0, 0, 0.00%, 0, 0, 1, 202.82, 149393, 6
742, 42, 0, 1, 0, 0, 0.00%, 0, 0, 1, 204.21, 150416, 6
748, 43, 0, 1, 0, 0, 0.00%, 0, 0, 1, 203.48, 151451, 6
753, 43, 0, 1, 0, 0, 0.00%, 0, 0, 1, 204.37, 152510, 6
758, 43, 0, 1, 0, 0, 0.00%, 0, 0, 1, 203.49, 153537, 6
763, 44, 0, 1, 0, 0, 0.00%, 0, 0, 1, 203.42, 154572, 6
768, 44, 0, 1, 0, 0, 0.00%, 0, 0, 1, 201.87, 155591, 6
773, 44, 0, 1, 0, 0, 0.00%, 0, 0, 1, 203.59, 156634, 6
778, 44, 0, 1, 0, 0, 0.00%, 0, 0, 1, 203.40, 157654, 6
783, 45, 0, 1, 0, 0, 0.00%, 0, 0, 1, 202.88, 158681, 6
788, 45, 0, 1, 0, 0, 0.00%, 0, 0, 1, 201.96, 159716, 6
793, 45, 0, 1, 0, 0, 0.00%, 0, 0, 1, 203.63, 160755, 6
798, 46, 0, 1, 0, 0, 0.00%, 0, 0, 1, 204.17, 161790, 6
804, 46, 0, 1, 0, 0, 0.00%, 0, 0, 1, 202.39, 162825, 6
809, 46, 0, 1, 0, 0, 0.00%, 0, 0, 1, 202.05, 163880, 6
814, 47, 0, 1, 0, 0, 0.00%, 0, 0, 1, 201.47, 164911, 6
819, 47, 0, 1, 0, 0, 0.00%, 0, 0, 1, 201.95, 165935, 6
824, 47, 0, 1, 0, 0, 0.00%, 0, 0, 1, 202.89, 166966, 6
829, 47, 0, 1, 0, 0, 0.00%, 0, 0, 1, 203.04, 168005, 6
834, 48, 0, 1, 0, 0, 0.00%, 0, 0, 1, 203.44, 169036, 6
839, 48, 0, 1, 0, 0, 0.00%, 0, 0, 1, 203.66, 170071, 6
844, 48, 0, 1, 0, 0, 0.00%, 0, 0, 1, 201.14, 171118, 6
850, 49, 0, 1, 0, 0, 0.00%, 0, 0, 1, 201.54, 172145, 6
855, 49, 0, 1, 0, 0, 0.00%, 0, 0, 1, 202.79, 173172, 6
860, 49, 0, 1, 0, 0, 0.00%, 0, 0, 1, 201.93, 174191, 6
865, 49, 0, 1, 0, 0, 0.00%, 0, 0, 1, 202.46, 175219, 6
870, 50, 0, 1, 0, 0, 0.00%, 0, 0, 1, 201.48, 176246, 6
875, 50, 0, 1, 0, 0, 0.00%, 0, 0, 1, 202.57, 177289, 6
880, 50, 0, 1, 0, 0, 0.00%, 0, 0, 1, 199.17, 178292, 6
885, 51, 0, 1, 0, 0, 0.00%, 0, 0, 1, 202.31, 179319, 6
890, 51, 0, 1, 0, 0, 0.00%, 0, 0, 1, 201.62, 180330, 6
895, 51, 0, 1, 0, 0, 0.00%, 0, 0, 1, 202.40, 181357, 6
900, 51, 0, 1, 0, 0, 0.00%, 0, 0, 1, 202.44, 182377, 6
905, 52, 0, 1, 0, 0, 0.00%, 0, 0, 1, 202.96, 183420, 6
911, 52, 0, 1, 0, 0, 0.00%, 0, 0, 1, 203.76, 184463, 6
916, 52, 0, 1, 0, 0, 0.00%, 0, 0, 1, 202.06, 185490, 6
921, 53, 0, 1, 0, 0, 0.00%, 0, 0, 1, 202.43, 186525, 6
926, 53, 0, 1, 0, 0, 0.00%, 0, 0, 1, 203.02, 187572, 6
931, 53, 0, 1, 0, 0, 0.00%, 0, 0, 1, 201.47, 188603, 6
936, 54, 0, 1, 0, 0, 0.00%, 0, 0, 1, 201.01, 189626, 6
941, 54, 0, 1, 0, 0, 0.00%, 0, 0, 1, 201.09, 190653, 6
946, 54, 0, 1, 0, 0, 0.00%, 0, 0, 1, 201.19, 191661, 6
951, 54, 0, 1, 0, 0, 0.00%, 0, 0, 1, 199.40, 192662, 6
956, 55, 0, 1, 0, 0, 0.00%, 0, 0, 1, 201.57, 193675, 6
961, 55, 0, 1, 0, 0, 0.00%, 0, 0, 1, 201.73, 194710, 6
966, 55, 0, 1, 0, 0, 0.00%, 0, 0, 1, 201.68, 195733, 6
972, 56, 0, 1, 0, 0, 0.00%, 0, 0, 1, 200.65, 196752, 6
977, 56, 0, 1, 0, 0, 0.00%, 0, 0, 1, 200.52, 197766, 6
982, 56, 0, 1, 0, 0, 0.00%, 0, 0, 1, 202.51, 198795, 6
987, 56, 0, 1, 0, 0, 0.00%, 0, 0, 1, 202.24, 199830, 6
992, 57, 0, 1, 0, 0, 0.00%, 0, 0, 1, 200.65, 200849, 6
997, 57, 0, 1, 0, 0, 0.00%, 0, 0, 1, 200.86, 201856, 6
1002, 57, 0, 1, 0, 0, 0.00%, 0, 0, 1, 202.38, 202883, 6
1007, 58, 0, 1, 0, 0, 0.00%, 0, 0, 1, 202.37, 203918, 6
1012, 58, 0, 1, 0, 0, 0.00%, 0, 0, 1, 201.76, 204941, 6
1017, 58, 0, 1, 0, 0, 0.00%, 0, 0, 1, 201.81, 205964, 6
1022, 58, 0, 1, 0, 0, 0.00%, 0, 0, 1, 200.52, 206990, 6
1027, 59, 0, 1, 0, 0, 0.00%, 0, 0, 1, 202.31, 208011, 6
1032, 59, 0, 1, 0, 0, 0.00%, 0, 0, 1, 202.37, 209026, 6
1037, 59, 0, 1, 0, 0, 0.00%, 0, 0, 1, 201.84, 210053, 6
1043, 60, 0, 1, 0, 0, 0.00%, 0, 0, 1, 201.76, 211072, 6
1048, 60, 0, 1, 0, 0, 0.00%, 0, 0, 1, 202.13, 212111, 6
1053, 60, 0, 1, 0, 0, 0.00%, 0, 0, 1, 201.30, 213154, 6
1058, 61, 0, 1, 0, 0, 0.00%, 0, 0, 1, 203.44, 214193, 6
1063, 61, 0, 1, 0, 0, 0.00%, 0, 0, 1, 204.06, 215245, 6
1068, 61, 0, 1, 0, 0, 0.00%, 0, 0, 1, 203.94, 216264, 6
1073, 61, 0, 1, 0, 0, 0.00%, 0, 0, 1, 203.13, 217295, 6
1078, 62, 0, 1, 0, 0, 0.00%, 0, 0, 1, 201.08, 218318, 6
1083, 62, 0, 1, 0, 0, 0.00%, 0, 0, 1, 202.88, 219357, 6
1088, 62, 0, 1, 0, 0, 0.00%, 0, 0, 1, 203.13, 220384, 6
1094, 63, 0, 1, 0, 0, 0.00%, 0, 0, 1, 203.42, 221423, 6
1099, 63, 0, 1, 0, 0, 0.00%, 0, 0, 1, 203.04, 222458, 6
1104, 63, 0, 1, 0, 0, 0.00%, 0, 0, 1, 203.60, 223498, 6
1109, 63, 0, 1, 0, 0, 0.00%, 0, 0, 1, 203.64, 224529, 6
1114, 64, 0, 1, 0, 0, 0.00%, 0, 0, 1, 203.95, 225568, 6
1119, 64, 0, 1, 0, 0, 0.00%, 0, 0, 1, 203.59, 226623, 6
1124, 64, 0, 1, 0, 0, 0.00%, 0, 0, 1, 203.59, 227670, 6
1129, 65, 0, 1, 0, 0, 0.00%, 0, 0, 1, 204.19, 228709, 6
1134, 65, 0, 1, 0, 0, 0.00%, 0, 0, 1, 202.67, 229736, 6
1140, 65, 0, 1, 0, 0, 0.00%, 0, 0, 1, 202.68, 230771, 6
1145, 66, 0, 1, 0, 0, 0.00%, 0, 0, 1, 202.95, 231790, 6
1150, 66, 0, 1, 0, 0, 0.00%, 0, 0, 1, 202.54, 232846, 6
1155, 66, 0, 1, 0, 0, 0.00%, 0, 0, 1, 203.50, 233909, 6
1160, 66, 0, 1, 0, 0, 0.00%, 0, 0, 1, 203.40, 234948, 6
1165, 67, 0, 1, 0, 0, 0.00%, 0, 0, 1, 202.06, 235959, 6
1170, 67, 0, 1, 0, 0, 0.00%, 0, 0, 1, 202.44, 236998, 6
1175, 67, 0, 1, 0, 0, 0.00%, 0, 0, 1, 203.74, 238037, 6
1180, 68, 0, 1, 0, 0, 0.00%, 0, 0, 1, 203.97, 239072, 6
1186, 68, 0, 1, 0, 0, 0.00%, 0, 0, 1, 203.97, 240115, 6
1191, 68, 0, 1, 0, 0, 0.00%, 0, 0, 1, 204.74, 241139, 6
1196, 68, 0, 1, 0, 0, 0.00%, 0, 0, 1, 204.14, 242162, 6
1201, 69, 0, 1, 0, 0, 0.00%, 0, 0, 1, 203.69, 243205, 6
1206, 69, 0, 1, 0, 0, 0.00%, 0, 0, 1, 204.00, 244240, 6
1211, 69, 0, 1, 0, 0, 0.00%, 0, 0, 1, 203.65, 245275, 6
1216, 70, 0, 1, 0, 0, 0.00%, 0, 0, 1, 204.92, 246322, 6
1221, 70, 0, 1, 0, 0, 0.00%, 0, 0, 1, 200.34, 247335, 6
1226, 70, 0, 1, 0, 0, 0.00%, 0, 0, 1, 163.87, 248088, 6
1231, 70, 0, 1, 0, 0, 0.00%, 0, 0, 1, 195.67, 249116, 6
1236, 71, 0, 1, 0, 0, 0.00%, 0, 0, 1, 201.20, 250139, 6
1241, 71, 0, 1, 0, 0, 0.00%, 0, 0, 1, 202.29, 251158, 6
1246, 71, 0, 1, 0, 0, 0.00%, 0, 0, 1, 202.62, 252193, 6
1252, 72, 0, 1, 0, 0, 0.00%, 0, 0, 1, 203.65, 253248, 6
1257, 72, 0, 1, 0, 0, 0.00%, 0, 0, 1, 204.07, 254283, 6
1262, 72, 0, 1, 0, 0, 0.00%, 0, 0, 1, 203.35, 255302, 6
1267, 72, 0, 1, 0, 0, 0.00%, 0, 0, 1, 203.86, 256338, 6
1272, 73, 0, 1, 0, 0, 0.00%, 0, 0, 1, 203.34, 257373, 6
1277, 73, 0, 1, 0, 0, 0.00%, 0, 0, 1, 203.87, 258396, 6
1282, 73, 0, 1, 0, 0, 0.00%, 0, 0, 1, 204.82, 259455, 6
1287, 74, 0, 1, 0, 0, 0.00%, 0, 0, 1, 204.27, 260498, 6
1292, 74, 0, 1, 0, 0, 0.00%, 0, 0, 1, 203.03, 261533, 6
1297, 74, 0, 1, 0, 0, 0.00%, 0, 0, 1, 203.39, 262556, 6
1302, 75, 0, 1, 0, 0, 0.00%, 0, 0, 1, 203.43, 263595, 6
1308, 75, 0, 1, 0, 0, 0.00%, 0, 0, 1, 204.12, 264627, 6
1313, 75, 0, 1, 0, 0, 0.00%, 0, 0, 1, 203.00, 265670, 6
1318, 75, 0, 1, 0, 0, 0.00%, 0, 0, 1, 202.76, 266705, 6
1323, 76, 0, 1, 0, 0, 0.00%, 0, 0, 1, 203.13, 267736, 6
1328, 76, 0, 1, 0, 0, 0.00%, 0, 0, 1, 201.62, 268763, 6
1333, 76, 0, 1, 0, 0, 0.00%, 0, 0, 1, 202.27, 269778, 6
1338, 77, 0, 1, 0, 0, 0.00%, 0, 0, 1, 204.93, 270821, 6
1343, 77, 0, 1, 0, 0, 0.00%, 0, 0, 1, 204.54, 271860, 6
1348, 77, 0, 1, 0, 0, 0.00%, 0, 0, 1, 205.02, 272903, 6
1353, 77, 0, 1, 0, 0, 0.00%, 0, 0, 1, 203.83, 273947, 6
1358, 78, 0, 1, 0, 0, 0.00%, 0, 0, 1, 204.08, 274978, 6
1363, 78, 0, 1, 0, 0, 0.00%, 0, 0, 1, 204.19, 276009, 6
1369, 78, 0, 1, 0, 0, 0.00%, 0, 0, 1, 204.40, 277044, 6
1374, 79, 0, 1, 0, 0, 0.00%, 0, 0, 1, 203.80, 278083, 6
1379, 79, 0, 1, 0, 0, 0.00%, 0, 0, 1, 203.44, 279126, 6
1384, 79, 0, 1, 0, 0, 0.00%, 0, 0, 1, 202.28, 280149, 6
1389, 80, 0, 1, 0, 0, 0.00%, 0, 0, 1, 202.26, 281196, 6
1394, 80, 0, 1, 0, 0, 0.00%, 0, 0, 1, 202.19, 282236, 6
1399, 80, 0, 1, 0, 0, 0.00%, 0, 0, 1, 204.12, 283271, 6
1404, 80, 0, 1, 0, 0, 0.00%, 0, 0, 1, 203.46, 284290, 6
1409, 81, 0, 1, 0, 0, 0.00%, 0, 0, 1, 201.68, 285305, 6
1414, 81, 0, 1, 0, 0, 0.00%, 0, 0, 1, 201.17, 286336, 6
1420, 81, 0, 1, 0, 0, 0.00%, 0, 0, 1, 202.29, 287371, 6
1425, 82, 0, 1, 0, 0, 0.00%, 0, 0, 1, 202.53, 288382, 6
1430, 82, 0, 1, 0, 0, 0.00%, 0, 0, 1, 201.55, 289393, 6
1435, 82, 0, 1, 0, 0, 0.00%, 0, 0, 1, 204.63, 290429, 6
1440, 82, 0, 1, 0, 0, 0.00%, 0, 0, 1, 203.25, 291480, 6
1445, 83, 0, 1, 0, 0, 0.00%, 0, 0, 1, 203.68, 292507, 6
1450, 83, 0, 1, 0, 0, 0.00%, 0, 0, 1, 203.88, 293562, 6
1455, 83, 0, 1, 0, 0, 0.00%, 0, 0, 1, 202.64, 294597, 6
1460, 84, 0, 1, 0, 0, 0.00%, 0, 0, 1, 203.52, 295628, 6
1465, 84, 0, 1, 0, 0, 0.00%, 0, 0, 1, 202.74, 296659, 6
1470, 84, 0, 1, 0, 0, 0.00%, 0, 0, 1, 202.74, 297694, 6
1476, 85, 0, 1, 0, 0, 0.00%, 0, 0, 1, 203.99, 298737, 6
1481, 85, 0, 1, 0, 0, 0.00%, 0, 0, 1, 202.84, 299765, 6
1486, 85, 0, 1, 0, 0, 0.00%, 0, 0, 1, 202.72, 300792, 6
1491, 85, 0, 1, 0, 0, 0.00%, 0, 0, 1, 201.97, 301827, 6
1496, 86, 0, 1, 0, 0, 0.00%, 0, 0, 1, 202.70, 302866, 6
1501, 86, 0, 1, 0, 0, 0.00%, 0, 0, 1, 203.87, 303909, 6
1506, 86, 0, 1, 0, 0, 0.00%, 0, 0, 1, 203.00, 304952, 6
1511, 87, 0, 1, 0, 0, 0.00%, 0, 0, 1, 202.46, 305987, 6
1516, 87, 0, 1, 0, 0, 0.00%, 0, 0, 1, 201.79, 307010, 6
1521, 87, 0, 1, 0, 0, 0.00%, 0, 0, 1, 203.41, 308042, 6
1526, 87, 0, 1, 0, 0, 0.00%, 0, 0, 1, 202.01, 309069, 6
1532, 88, 0, 1, 0, 0, 0.00%, 0, 0, 1, 202.86, 310104, 6
1537, 88, 0, 1, 0, 0, 0.00%, 0, 0, 1, 203.35, 311139, 6
1542, 88, 0, 1, 0, 0, 0.00%, 0, 0, 1, 204.92, 312166, 6
1547, 89, 0, 1, 0, 0, 0.00%, 0, 0, 1, 203.90, 313197, 6
1552, 89, 0, 1, 0, 0, 0.00%, 0, 0, 1, 204.78, 314224, 6
1557, 89, 0, 1, 0, 0, 0.00%, 0, 0, 1, 204.21, 315251, 6
1562, 89, 0, 1, 0, 0, 0.00%, 0, 0, 1, 203.55, 316275, 6
1567, 90, 0, 1, 0, 0, 0.00%, 0, 0, 1, 203.64, 317298, 6
1572, 90, 0, 1, 0, 0, 0.00%, 0, 0, 1, 178.76, 318231, 6
1577, 90, 0, 1, 0, 0, 0.00%, 0, 0, 1, 172.49, 319046, 6
1582, 91, 0, 1, 0, 0, 0.00%, 0, 0, 1, 196.88, 320068, 6
1587, 91, 0, 1, 0, 0, 0.00%, 0, 0, 1, 200.45, 321122, 6
1592, 91, 0, 1, 0, 0, 0.00%, 0, 0, 1, 201.95, 322154, 6
1598, 91, 0, 1, 0, 0, 0.00%, 0, 0, 1, 201.35, 323173, 6
1603, 92, 0, 1, 0, 0, 0.00%, 0, 0, 1, 205.30, 324204, 6
1607, 92, 0, 1, 0, 0, 0.00%, 0, 0, 1, 202.09, 325113, 6
